1.43
4.93
15.5
0.51
1.8
0.1
1.33
0.64
3.91
3.82
0.62
0.32
0.32
1.21
0.19
8.39
0.82
9.48
3.13
4.71
4.47
1.27
7.19
1.76
8.23
0.7
6.14
0.95
0.35
1.58
1.23
0.4
4.37
7.6
0.05
4.94
0.5
2.05
0.86
3.73
2.56
4.29
3
3.98
5.68
4.46
0.46
6.71
1.02
0.27
3.36
1.46
0.62
0.75
0.06
3.34
0.74
2.1
1.43
0.7
1.87
0.83
3.9
19.51
2.93
4.77
0.63
1.36
4.16
8.72
6.76
2.8
1.07
0.24
0.8
0.51
2.4
7.34
2.34
0.42
2.81
6.06
2.06
0.47
4.47
6.8
5.08
8.19
3.07
0.07
0.29
1.24
7.86
0.63
3.65
4.58
1.16
1.49
1.18
1.11
0.8
2.12
7.12
2.16
1.1
0.63
1.04
2.56
5.11
18.91
1.13
4.12
1.01
12.46
7.27
0.75
7.93
0.07
0.58
1.24
2.07
3.54
3.8
0.12
1.33
0.38
2.28
4.34
0.73
15.48
1.14
8.4
2.81
9.79
1.02
6.98
4.15
2.94
3.28
2.06
1.82
1.85
0.46
3.17
4.78
3.17
0.21
4.67
8.18
4.49
1.69
2.71
15.68
6.57
3.91
0.33
0.45
2.19
1.22
0.1
0.32
3.68
3.95
2.25
1.51
8.98
0.06
4.73
1.29
5.06
3.71
13.41
4.94
0.13
2.36
10.89
0.29
19.32
11.21
7.96
6.46
2.42
2.37
3.54
4.92
0.17
0.65
0.79
9.82
1.66
0.17
1.52
2.74
0.76
1.77
0.08
9.32
1.96
4.33
8.91
